
bits=8
u=[3.56 3.57 3.58 3.59 3.6  3.61 3.62 3.63 3.64 3.65 3.66 3.67 3.68 3.69 3.7  3.71 3.72 3.73 3.74 3.75 3.76 3.77 3.78 3.79 3.8  3.81 3.82 3.83 3.84 3.85 3.86 3.87 3.88 3.89 3.9  3.91 3.92 3.93 3.94 3.95 3.96 3.97 3.98 3.99]

T=[8.0, 4.0, 2.0, 2.0, 4.0, 22.0, 18.0, 8.0, 7.0, 10.0, 5.0, 4.0, 9.0, 6.0, 11.0, 20.0, 19.0, 5.0, 14.0, 10.0, 21.0, 3.0, 13.0, 11.0, 23.0, 15.0, 3.0, 6.0, 8.0, 3.0, 10.0, 6.0, 25.0, 13.0, 8.0, 14.0, 7.0, 4.0, 8.0, 20.0, 5.0, 7.5, 7.0, 1.0]

bits=16
u=[3.56 3.57 3.58 3.59 3.6  3.61 3.62 3.63 3.64 3.65 3.66 3.67 3.68 3.69 3.7  3.71 3.72 3.73 3.74 3.75 3.76 3.77 3.78 3.79 3.8  3.81 3.82 3.83 3.84 3.85 3.86 3.87 3.88 3.89 3.9  3.91 3.92 3.93 3.94 3.95 3.96 3.97 3.98 3.99]

T=[57.875, 104.875, 282.875, 197.375, 262.875, 170.125, 249.875, 77.125, 179.125, 230.625, 248.875, 336.125, 260.25, 168.5, 256.375, 258.125, 280.625, 191.875, 51.125, 138.625, 267.875, 245.125, 328.0, 430.5, 333.125, 326.5, 520.625, 73.75, 72.0, 119.5, 119.125, 127.625, 95.75, 299.625, 243.75, 170.375, 283.5, 337.375, 221.125, 466.5, 176.0, 316.75, 161.5, 137.125]

bits=16
u=[3.56 3.57 3.58 3.59 3.6  3.61 3.62 3.63 3.64 3.65 3.66 3.67 3.68 3.69 3.7  3.71 3.72 3.73 3.74 3.75 3.76 3.77 3.78 3.79 3.8  3.81 3.82 3.83 3.84 3.85 3.86 3.87 3.88 3.89 3.9  3.91 3.92 3.93 3.94 3.95 3.96 3.97 3.98 3.99]

T=[8.0, 64.0, 16.0, 32.0, 120.0, 90.0, 150.0, 12.0, 116.0, 104.0, 122.0, 124.0, 87.5, 123.5, 55.0, 105.0, 169.0, 121.0, 5.0, 36.5, 58.5, 201.0, 57.0, 319.0, 270.0, 156.0, 151.0, 3.0, 6.0, 78.0, 27.0, 55.0, 12.0, 179.0, 174.0, 18.0, 48.0, 38.0, 52.0, 345.0, 90.0, 183.0, 22.0, 59.5]


bits=32
u=[3.56 3.57 3.58 3.59 3.6  3.61 3.62 3.63 3.64 3.65 3.66 3.67 3.68 3.69 3.7  3.71 3.72 3.73 3.74 3.75 3.76 3.77 3.78 3.79 3.8  3.81 3.82 3.83 3.84 3.85 3.86 3.87 3.88 3.89 3.9  3.91 3.92 3.93 3.94 3.95 3.96 3.97 3.98 3.99]

T=[16.0, 7072.0, 12804.0, 16832.0, 11523.0, 33130.0, 18719.0, 12.0, 12214.0, 26607.0, 9108.0, 46474.0, 63547.0, 9626.5, 8546.0, 39144.5, 19318.0, 13363.0, 10.0, 10059.0, 26405.0, 18784.0, 30852.0, 52807.0, 32392.0, 36876.0, 54638.0, 3.0, 6.0, 810.0, 6726.0, 12751.5, 3408.0, 27592.5, 31692.0, 2024.0, 9476.0, 18832.5, 2125.5, 34935.0, 9318.5, 17900.5, 52060.0, 20595.0]
